# Timestamp: 2014-10-08 10:08:00
# Operator: h.griffin
# Comments:
# Sample: 14-JS-5
# Layout: inm standard
# Irradiation: AM1.5
# Temperature: 23.5
# Positions: 3 6 9 10 11 12 13 14 16 17 18 22 24 28 32
# Areas: 1.0 1.0 0.1 0.1 0.1 0.1 0.5 1.0 1.0 1.0 1.0 0.1 0.1 1.0 1.0
# ----------------------------------------------------------------------
# U/V  I/A  I/A  I/A  I/A  I/A  I/A  I/A  I/A  I/A  I/A  I/A  I/A  I/A  I/A  I/A
-0.10000 -0.00900 -0.01303 -0.00154 -0.00028 -0.00087 -0.00088 -0.00589 -0.00448 -0.01136 -0.00785 -0.01447 -0.00065 -0.00068 -0.01079 -0.00991
-0.09000 -0.01197 -0.01360 -0.00155 -0.00034 -0.00097 -0.00091 -0.00464 -0.00529 -0.01305 -0.00952 -0.01381 -0.00076 -0.00055 -0.01103 -0.00936
-0.08000 -0.00909 -0.01212 -0.00138 -0.00030 -0.00082 -0.00078 -0.00571 -0.00562 -0.01284 -0.00884 -0.01621 -0.00074 -0.00065 -0.00983 -0.01087
-0.07000 -0.00978 -0.01319 -0.00120 -0.00035 -0.00103 -0.00083 -0.00472 -0.00455 -0.01270 -0.00808 -0.01435 -0.00059 -0.00063 -0.00865 -0.01023
-0.06000 -0.00962 -0.01247 -0.00138 -0.00032 -0.00098 -0.00093 -0.00489 -0.00580 -0.00998 -0.00746 -0.01294 -0.00069 -0.00062 -0.01094 -0.01187
-0.05000 -0.00903 -0.01216 -0.00135 -0.00028 -0.00085 -0.00083 -0.00591 -0.00436 -0.01242 -0.00799 -0.01551 -0.00074 -0.00070 -0.00891 -0.00951
-0.04000 -0.01162 -0.01115 -0.00120 -0.00037 -0.00104 -0.00079 -0.00589 -0.00507 -0.01283 -0.00772 -0.01588 -0.00056 -0.00064 -0.00923 -0.01125
-0.03000 -0.01085 -0.01289 -0.00154 -0.00037 -0.00092 -0.00085 -0.00501 -0.00460 -0.01228 -0.00877 -0.01261 -0.00058 -0.00066 -0.00886 -0.00978
-0.02000 -0.00963 -0.01214 -0.00116 -0.00030 -0.00102 -0.00093 -0.00453 -0.00568 -0.01026 -0.00907 -0.01459 -0.00067 -0.00068 -0.01074 -0.00963
-0.01000 -0.00917 -0.01211 -0.00115 -0.00032 -0.00096 -0.00082 -0.00594 -0.00450 -0.01034 -0.00806 -0.01571 -0.00070 -0.00054 -0.00996 -0.00988
-0.00000 -0.01079 -0.01042 -0.00136 -0.00035 -0.00100 -0.00080 -0.00585 -0.00524 -0.00995 -0.00733 -0.01303 -0.00060 -0.00057 -0.01100 -0.01007
0.01000 -0.01099 -0.01286 -0.00114 -0.00035 -0.00080 -0.00078 -0.00555 -0.00492 -0.01211 -0.00731 -0.01609 -0.00057 -0.00067 -0.00936 -0.00911
0.02000 -0.00888 -0.01341 -0.00142 -0.00029 -0.00090 -0.00077 -0.00591 -0.00580 -0.01270 -0.00794 -0.01327 -0.00055 -0.00066 -0.00960 -0.01160
0.03000 -0.01138 -0.01273 -0.00123 -0.00033 -0.00102 -0.00074 -0.00469 -0.00442 -0.01170 -0.00891 -0.01420 -0.00061 -0.00063 -0.01126 -0.00944
0.04000 -0.01026 -0.01205 -0.00125 -0.00034 -0.00092 -0.00085 -0.00548 -0.00477 -0.01025 -0.00870 -0.01425 -0.00073 -0.00058 -0.01069 -0.00995
0.05000 -0.01089 -0.01293 -0.00116 -0.00030 -0.00080 -0.00080 -0.00502 -0.00447 -0.01258 -0.00872 -0.01401 -0.00063 -0.00070 -0.01145 -0.01151
0.06000 -0.01198 -0.01360 -0.00122 -0.00028 -0.00097 -0.00078 -0.00485 -0.00458 -0.01222 -0.00896 -0.01570 -0.00066 -0.00055 -0.00913 -0.00961
0.07000 -0.01048 -0.01077 -0.00136 -0.00035 -0.00093 -0.00081 -0.00562 -0.00490 -0.01053 -0.00793 -0.01348 -0.00071 -0.00056 -0.00897 -0.01162
0.08000 -0.01012 -0.01122 -0.00150 -0.00035 -0.00100 -0.00080 -0.00551 -0.00572 -0.01326 -0.00814 -0.01627 -0.00056 -0.00063 -0.01073 -0.00945
0.09000 -0.01084 -0.01173 -0.00150 -0.00031 -0.00085 -0.00081 -0.00530 -0.00482 -0.00986 -0.00889 -0.01490 -0.00063 -0.00068 -0.00891 -0.01157
0.10000 -0.01009 -0.01042 -0.00113 -0.00032 -0.00101 -0.00096 -0.00560 -0.00500 -0.01089 -0.00973 -0.01312 -0.00056 -0.00062 -0.00877 -0.01187
0.11000 -0.00881 -0.01134 -0.00114 -0.00036 -0.00078 -0.00075 -0.00459 -0.00473 -0.01171 -0.00747 -0.01629 -0.00055 -0.00070 -0.00880 -0.01207
0.12000 -0.01055 -0.01184 -0.00130 -0.00037 -0.00083 -0.00075 -0.00500 -0.00518 -0.01328 -0.00955 -0.01294 -0.00056 -0.00063 -0.01144 -0.01142
0.13000 -0.01110 -0.01353 -0.00149 -0.00030 -0.00094 -0.00074 -0.00557 -0.00499 -0.01245 -0.00862 -0.01354 -0.00060 -0.00055 -0.00950 -0.01167
0.14000 -0.00894 -0.01051 -0.00126 -0.00033 -0.00095 -0.00087 -0.00499 -0.00587 -0.01121 -0.00884 -0.01399 -0.00061 -0.00060 -0.01028 -0.01059
0.15000 -0.01036 -0.01237 -0.00125 -0.00028 -0.00102 -0.00082 -0.00472 -0.00556 -0.01121 -0.00840 -0.01457 -0.00053 -0.00056 -0.00990 -0.00978
0.16000 -0.00967 -0.01018 -0.00148 -0.00030 -0.00095 -0.00078 -0.00480 -0.00581 -0.01022 -0.00950 -0.01243 -0.00071 -0.00062 -0.01061 -0.00963
0.17000 -0.00879 -0.01146 -0.00139 -0.00036 -0.00083 -0.00080 -0.00487 -0.00449 -0.01027 -0.00933 -0.01393 -0.00060 -0.00053 -0.00992 -0.00969
0.18000 -0.00910 -0.01355 -0.00137 -0.00032 -0.00077 -0.00074 -0.00568 -0.00518 -0.00994 -0.00872 -0.01255 -0.00060 -0.00065 -0.01137 -0.01169
0.19000 -0.00986 -0.01265 -0.00126 -0.00033 -0.00097 -0.00073 -0.00462 -0.00527 -0.01329 -0.00770 -0.01394 -0.00054 -0.00066 -0.00987 -0.01221
0.20000 -0.01139 -0.01231 -0.00140 -0.00032 -0.00099 -0.00087 -0.00529 -0.00533 -0.01065 -0.00873 -0.01482 -0.00058 -0.00055 -0.01088 -0.00995
0.21000 -0.01049 -0.01062 -0.00140 -0.00030 -0.00094 -0.00089 -0.00454 -0.00569 -0.01106 -0.00860 -0.01342 -0.00059 -0.00069 -0.01118 -0.01112
0.22000 -0.00875 -0.01314 -0.00112 -0.00034 -0.00093 -0.00093 -0.00504 -0.00448 -0.01220 -0.00900 -0.01575 -0.00069 -0.00061 -0.01042 -0.01160
0.23000 -0.01081 -0.01181 -0.00122 -0.00036 -0.00078 -0.00071 -0.00544 -0.00548 -0.01045 -0.00927 -0.01452 -0.00065 -0.00052 -0.01123 -0.00943
0.24000 -0.00885 -0.01012 -0.00115 -0.00034 -0.00093 -0.00078 -0.00548 -0.00568 -0.01153 -0.00822 -0.01274 -0.00066 -0.00062 -0.00911 -0.01091
0.25000 -0.01130 -0.01067 -0.00126 -0.00029 -0.00093 -0.00073 -0.00538 -0.00560 -0.01048 -0.00914 -0.01251 -0.00064 -0.00068 -0.01122 -0.01081
0.26000 -0.00963 -0.01019 -0.00105 -0.00030 -0.00085 -0.00095 -0.00519 -0.00560 -0.01058 -0.00767 -0.01444 -0.00066 -0.00060 -0.01019 -0.00936
0.27000 -0.00877 -0.01034 -0.00144 -0.00028 -0.00085 -0.00076 -0.00553 -0.00486 -0.01066 -0.00978 -0.01586 -0.00058 -0.00053 -0.00901 -0.01163
0.28000 -0.01041 -0.01227 -0.00121 -0.00029 -0.00086 -0.00093 -0.00445 -0.00516 -0.01025 -0.00837 -0.01549 -0.00057 -0.00065 -0.00890 -0.01037
0.29000 -0.01068 -0.01358 -0.00106 -0.00034 -0.00074 -0.00077 -0.00500 -0.00560 -0.01228 -0.00722 -0.01318 -0.00059 -0.00052 -0.00990 -0.01123
0.30000 -0.00854 -0.01038 -0.00142 -0.00036 -0.00088 -0.00075 -0.00499 -0.00526 -0.01247 -0.00833 -0.01465 -0.00059 -0.00052 -0.01006 -0.01039
0.31000 -0.00972 -0.01054 -0.00104 -0.00036 -0.00081 -0.00077 -0.00468 -0.00468 -0.01043 -0.00923 -0.01612 -0.00054 -0.00064 -0.01058 -0.01186
0.32000 -0.01006 -0.01168 -0.00136 -0.00028 -0.00073 -0.00076 -0.00547 -0.00583 -0.01205 -0.00791 -0.01409 -0.00064 -0.00055 -0.00906 -0.01020
0.33000 -0.01047 -0.01102 -0.00135 -0.00030 -0.00080 -0.00087 -0.00587 -0.00536 -0.01270 -0.00822 -0.01473 -0.00054 -0.00062 -0.01121 -0.00916
0.34000 -0.00825 -0.01262 -0.00137 -0.00036 -0.00075 -0.00072 -0.00525 -0.00514 -0.01258 -0.00721 -0.01409 -0.00048 -0.00066 -0.00945 -0.00992
0.35000 -0.00904 -0.01010 -0.00130 -0.00028 -0.00089 -0.00071 -0.00508 -0.00444 -0.01265 -0.00802 -0.01491 -0.00063 -0.00052 -0.00882 -0.01150
0.36000 -0.01071 -0.01290 -0.00098 -0.00033 -0.00078 -0.00074 -0.00556 -0.00526 -0.01320 -0.00791 -0.01314 -0.00049 -0.00067 -0.00982 -0.01015
0.37000 -0.00814 -0.01100 -0.00102 -0.00029 -0.00070 -0.00077 -0.00508 -0.00440 -0.01071 -0.00796 -0.01192 -0.00054 -0.00060 -0.01068 -0.00920
0.38000 -0.00995 -0.01298 -0.00128 -0.00034 -0.00081 -0.00089 -0.00520 -0.00466 -0.01105 -0.00852 -0.01481 -0.00060 -0.00051 -0.01000 -0.01113
0.39000 -0.00828 -0.00995 -0.00129 -0.00032 -0.00089 -0.00070 -0.00439 -0.00540 -0.01048 -0.00803 -0.01196 -0.00053 -0.00059 -0.01015 -0.00915
0.40000 -0.00877 -0.01330 -0.00113 -0.00036 -0.00076 -0.00071 -0.00518 -0.00538 -0.01244 -0.00865 -0.01529 -0.00047 -0.00067 -0.00991 -0.00960
0.41000 -0.00992 -0.01191 -0.00126 -0.00032 -0.00073 -0.00078 -0.00487 -0.00489 -0.01112 -0.00886 -0.01346 -0.00050 -0.00050 -0.00858 -0.01186
0.42000 -0.00943 -0.01189 -0.00114 -0.00029 -0.00085 -0.00077 -0.00499 -0.00564 -0.01128 -0.00804 -0.01421 -0.00044 -0.00052 -0.00860 -0.00945
0.43000 -0.01001 -0.01161 -0.00124 -0.00028 -0.00074 -0.00068 -0.00547 -0.00535 -0.01012 -0.00845 -0.01512 -0.00056 -0.00063 -0.01015 -0.01040
0.44000 -0.00988 -0.01085 -0.00123 -0.00030 -0.00081 -0.00078 -0.00567 -0.00556 -0.01144 -0.00715 -0.01193 -0.00052 -0.00064 -0.01092 -0.01008
0.45000 -0.00984 -0.01088 -0.00101 -0.00034 -0.00087 -0.00084 -0.00584 -0.00459 -0.01231 -0.00924 -0.01402 -0.00041 -0.00065 -0.00945 -0.01161
0.46000 -0.01026 -0.01212 -0.00096 -0.00032 -0.00074 -0.00080 -0.00583 -0.00506 -0.01051 -0.00705 -0.01349 -0.00054 -0.00065 -0.00921 -0.00915
0.47000 -0.00854 -0.01143 -0.00102 -0.00034 -0.00060 -0.00084 -0.00503 -0.00450 -0.01089 -0.00864 -0.01501 -0.00040 -0.00062 -0.00981 -0.01194
0.48000 -0.00789 -0.01159 -0.00093 -0.00032 -0.00080 -0.00079 -0.00434 -0.00457 -0.01202 -0.00708 -0.01144 -0.00051 -0.00054 -0.01045 -0.01039
0.49000 -0.00924 -0.00960 -0.00111 -0.00035 -0.00078 -0.00079 -0.00490 -0.00491 -0.01007 -0.00902 -0.01306 -0.00049 -0.00050 -0.00906 -0.01027
0.50000 -0.00833 -0.01255 -0.00100 -0.00036 -0.00068 -0.00064 -0.00540 -0.00547 -0.01138 -0.00647 -0.01211 -0.00037 -0.00052 -0.01103 -0.00946
0.51000 -0.00724 -0.01175 -0.00079 -0.00034 -0.00057 -0.00071 -0.00513 -0.00467 -0.01189 -0.00841 -0.01341 -0.00041 -0.00053 -0.00841 -0.01129
0.52000 -0.00800 -0.01281 -0.00091 -0.00030 -0.00057 -0.00064 -0.00445 -0.00513 -0.01254 -0.00846 -0.01149 -0.00053 -0.00062 -0.01091 -0.01111
0.53000 -0.00887 -0.01245 -0.00096 -0.00026 -0.00061 -0.00069 -0.00543 -0.00512 -0.01049 -0.00656 -0.01153 -0.00043 -0.00050 -0.00884 -0.01115
0.54000 -0.00887 -0.01162 -0.00091 -0.00033 -0.00072 -0.00085 -0.00433 -0.00513 -0.01220 -0.00792 -0.01233 -0.00049 -0.00061 -0.00982 -0.00982
0.55000 -0.00855 -0.00955 -0.00083 -0.00029 -0.00076 -0.00073 -0.00468 -0.00477 -0.01157 -0.00845 -0.01457 -0.00040 -0.00044 -0.00853 -0.01073
0.56000 -0.00778 -0.01148 -0.00094 -0.00033 -0.00062 -0.00067 -0.00480 -0.00481 -0.01275 -0.00604 -0.01420 -0.00043 -0.00052 -0.01005 -0.01141
0.57000 -0.00886 -0.01040 -0.00068 -0.00029 -0.00062 -0.00066 -0.00426 -0.00521 -0.01253 -0.00670 -0.01440 -0.00032 -0.00042 -0.00995 -0.00955
0.58000 -0.00703 -0.01161 -0.00089 -0.00025 -0.00071 -0.00067 -0.00513 -0.00450 -0.01014 -0.00755 -0.01312 -0.00048 -0.00055 -0.00892 -0.00957
0.59000 -0.00578 -0.00897 -0.00084 -0.00027 -0.00059 -0.00060 -0.00452 -0.00496 -0.01024 -0.00763 -0.01125 -0.00033 -0.00056 -0.00930 -0.01150
0.60000 -0.00700 -0.00942 -0.00065 -0.00024 -0.00053 -0.00063 -0.00464 -0.00466 -0.01081 -0.00678 -0.01134 -0.00042 -0.00051 -0.00977 -0.00833
0.61000 -0.00694 -0.01106 -0.00067 -0.00029 -0.00061 -0.00055 -0.00448 -0.00376 -0.01095 -0.00559 -0.01093 -0.00042 -0.00046 -0.00935 -0.00959
0.62000 -0.00721 -0.01099 -0.00070 -0.00023 -0.00048 -0.00068 -0.00509 -0.00449 -0.01045 -0.00577 -0.01316 -0.00037 -0.00040 -0.00808 -0.00929
0.63000 -0.00549 -0.01021 -0.00082 -0.00030 -0.00039 -0.00055 -0.00390 -0.00434 -0.00986 -0.00527 -0.01140 -0.00024 -0.00045 -0.00935 -0.01061
0.64000 -0.00511 -0.01016 -0.00088 -0.00026 -0.00044 -0.00057 -0.00494 -0.00365 -0.00951 -0.00683 -0.00942 -0.00021 -0.00045 -0.00879 -0.00822
0.65000 -0.00644 -0.00723 -0.00066 -0.00021 -0.00051 -0.00059 -0.00480 -0.00398 -0.01048 -0.00525 -0.01237 -0.00020 -0.00031 -0.00981 -0.00826
0.66000 -0.00432 -0.00784 -0.00048 -0.00027 -0.00040 -0.00055 -0.00338 -0.00356 -0.01104 -0.00490 -0.01215 -0.00031 -0.00034 -0.00797 -0.01013
0.67000 -0.00516 -0.00683 -0.00050 -0.00026 -0.00054 -0.00056 -0.00325 -0.00418 -0.01067 -0.00629 -0.01176 -0.00025 -0.00038 -0.00775 -0.00839
0.68000 -0.00602 -0.00748 -0.00071 -0.00020 -0.00054 -0.00043 -0.00363 -0.00303 -0.00752 -0.00558 -0.00840 -0.00031 -0.00034 -0.00723 -0.00854
0.69000 -0.00596 -0.00715 -0.00069 -0.00018 -0.00048 -0.00039 -0.00374 -0.00362 -0.00898 -0.00399 -0.00844 -0.00022 -0.00043 -0.00643 -0.00653
0.70000 -0.00357 -0.00578 -0.00034 -0.00018 -0.00042 -0.00045 -0.00335 -0.00266 -0.00847 -0.00454 -0.00958 -0.00014 -0.00035 -0.00608 -0.00903
0.71000 -0.00408 -0.00550 -0.00058 -0.00018 -0.00033 -0.00031 -0.00252 -0.00365 -0.00775 -0.00388 -0.00893 -0.00013 -0.00026 -0.00657 -0.00585
0.72000 -0.00400 -0.00570 -0.00021 -0.00013 -0.00032 -0.00032 -0.00331 -0.00332 -0.00635 -0.00349 -0.00717 -0.00018 -0.00029 -0.00623 -0.00525
0.73000 -0.00286 -0.00472 -0.00051 -0.00014 -0.00019 -0.00039 -0.00345 -0.00288 -0.00811 -0.00416 -0.00780 -0.00010 -0.00021 -0.00720 -0.00533
0.74000 -0.00205 -0.00484 -0.00030 -0.00017 -0.00010 -0.00042 -0.00262 -0.00191 -0.00680 -0.00203 -0.00462 -0.00018 -0.00027 -0.00555 -0.00504
0.75000 -0.00310 -0.00405 -0.00048 -0.00015 -0.00017 -0.00027 -0.00283 -0.00218 -0.00431 -0.00348 -0.00540 -0.00019 -0.00017 -0.00560 -0.00495
0.76000 -0.00190 -0.00350 -0.00040 -0.00015 -0.00023 -0.00018 -0.00170 -0.00119 -0.00441 -0.00296 -0.00288 -0.00000 -0.00019 -0.00321 -0.00371
0.77000 -0.00281 -0.00120 -0.00009 -0.00011 -0.00023 -0.00012 -0.00086 -0.00123 -0.00506 -0.00266 -0.00325 -0.00005 -0.00014 -0.00346 -0.00235
0.78000 -0.00262 -0.00165 -0.00002 -0.00003 -0.00019 -0.00015 -0.00146 -0.00156 -0.00262 -0.00178 -0.00180 -0.00011 -0.00002 -0.00174 -0.00291
0.79000 -0.00083 0.00019 -0.00010 0.00000 -0.00003 -0.00008 -0.00093 -0.00073 0.00016 0.00050 -0.00041 -0.00011 -0.00001 -0.00009 -0.00148
0.80000 0.00033 0.00179 -0.00006 0.00003 0.00010 -0.00011 0.00052 -0.00017 -0.00156 -0.00016 0.00089 0.00008 0.00005 0.00031 -0.00063
0.81000 -0.00097 0.00163 0.00001 0.00003 -0.00000 0.00012 0.00045 0.00054 0.00283 0.00115 -0.00013 0.00005 0.00008 0.00074 0.00261
0.82000 -0.00045 0.00330 0.00011 0.00003 0.00016 0.00004 0.00129 0.00064 0.00255 0.00274 0.00305 0.00001 0.00009 0.00299 0.00320
0.83000 0.00300 0.00556 -0.00002 0.00007 0.00019 0.00012 0.00207 0.00149 0.00395 0.00325 0.00647 0.00013 0.00006 0.00525 0.00450
0.84000 0.00199 0.00616 0.00027 0.00016 0.00031 0.00031 0.00374 0.00207 0.00716 0.00384 0.00511 0.00005 0.00021 0.00590 0.00787
0.85000 0.00323 0.00650 0.00014 0.00017 0.00038 0.00049 0.00364 0.00342 0.01205 0.00360 0.00710 0.00026 0.00030 0.00888 0.00759
0.86000 0.00437 0.00988 0.00040 0.00031 0.00029 0.00051 0.00584 0.00431 0.01276 0.00403 0.01025 0.00019 0.00032 0.01244 0.01108
0.87000 0.00616 0.01081 0.00043 0.00030 0.00045 0.00066 0.00645 0.00424 0.01577 0.00762 0.01292 0.00026 0.00044 0.01603 0.01475
0.88000 0.00516 0.01195 0.00055 0.00043 0.00039 0.00078 0.00773 0.00608 0.02191 0.00675 0.01773 0.00022 0.00051 0.01830 0.01912
0.89000 0.00763 0.01564 0.00052 0.00045 0.00039 0.00076 0.00880 0.00635 0.02485 0.00854 0.01850 0.00025 0.00047 0.02277 0.02116
0.90000 0.00681 0.02003 0.00065 0.00053 0.00071 0.00103 0.01040 0.00720 0.03012 0.01093 0.02220 0.00027 0.00073 0.02834 0.02687
0.91000 0.00758 0.02230 0.00069 0.00061 0.00074 0.00102 0.01265 0.00896 0.03505 0.01175 0.02651 0.00035 0.00083 0.03160 0.03181
0.92000 0.01008 0.02274 0.00081 0.00075 0.00059 0.00137 0.01538 0.01054 0.04262 0.01409 0.02837 0.00046 0.00082 0.03831 0.03754
0.93000 0.01134 0.02865 0.00110 0.00086 0.00076 0.00153 0.01700 0.01221 0.04867 0.01409 0.03422 0.00046 0.00088 0.04467 0.04387
0.94000 0.01144 0.03360 0.00109 0.00093 0.00087 0.00164 0.01960 0.01284 0.05425 0.01608 0.03822 0.00053 0.00097 0.05363 0.04923
0.95000 0.01320 0.03683 0.00112 0.00115 0.00092 0.00178 0.02248 0.01555 0.06472 0.02018 0.04510 0.00053 0.00111 0.06343 0.05576
0.96000 0.01254 0.03906 0.00129 0.00122 0.00101 0.00191 0.02624 0.01688 0.07512 0.02258 0.04895 0.00065 0.00128 0.07173 0.06654
0.97000 0.01460 0.04614 0.00128 0.00138 0.00124 0.00236 0.03021 0.01891 0.08541 0.02396 0.05698 0.00066 0.00146 0.08548 0.07526
0.98000 0.01705 0.05158 0.00156 0.00160 0.00131 0.00252 0.03462 0.02164 0.09855 0.02678 0.06560 0.00060 0.00164 0.09828 0.08744
0.99000 0.01782 0.05680 0.00168 0.00182 0.00134 0.00288 0.03824 0.02368 0.11537 0.02839 0.07093 0.00066 0.00182 0.11236 0.09898
1.00000 0.01939 0.06342 0.00196 0.00200 0.00155 0.00315 0.04467 0.02655 0.13123 0.03288 0.07835 0.00081 0.00201 0.12925 0.11383
